$ANSIBLE_VAULT;1.1;AES256
34336131313766376133666265643336353236346361306665633435343634393536366331393336
6634353263396235623230653234373462363766396532610a303936643963653934373466613132
62626239636532313737323231666461373030396132336135633064393862383263623932663965
6131643936383966390a333462363265333835623062623862663566303865336363656265363139
35616465646538613564346666303330613838333434633038613939633161336333613131623862
36373139343262626661383162623635363532346137336162633865633735393537336132333131
32623831613763323835643266363265353533643463313766376133633963343739613735666562
64336261373635353666383836393739653739303538636531626337393164353234633661653037
62626363653938663562316332366538393537343461656238366566396631653332653337383435
30666633316537653537633334393164303137663530653035373236356133346530336639663265
65373837376563633066393037383161343839313030373538383434363337313738633465393161
61646162353836383533633836306234356533373535353430323461373936323937643362383836
36353930343038306131366133373431323030343831323863346239366539666461313339383062
32653936653739666339653631393836663837333233653464343733653431303764343139353338
61633433633634343932346337316663613436626432353534643433646430303530366166316331
64626534316230663332373332646565336131396539343763353664363136633966383035626537
35643435613136646463663532663336313838643235373534346139646138343339393932303365
38393264366662313536383539623733363335333863363536343638303163653733633336316439
36306136383238626561376666623233636131653266366362663564616235616633666433356135
39383162646134653534646637373237353732343539613238333364643936396637383466666136
64363066393531356634363734653838626230386530663533636166643462363862373963306231
35306239616136353066316636656433656361663666313936666332393734663134633830346136
32356265623632633666643963363963643462613633336332626361656433393230333662653232
30373731636462366562663638303032633963663831623665666664386238343062333034663032
39383664383334363163356338386633383132306638386537323063633262393838393561656237
64366261393064336463326538363833313963333761306338393833613734383665376333633730
39323434366531656363363837643662633434353533613366366563656332343361316166303034
34363434663762353465616339333261306361306439313966396133663230653533353263663061
34633663653039366137313462313636353562316662663335323863303533356161393932613462
38323363623131373634383533393139643631313263306137306263303530353963396166613233
66386531396363343934636465323834323530636531326163646563636633626636623065613361
61663762313463393637373636626335613932333236356531666338636564363561653933626133
63373161333461613538323033343261326132393137643332393462633535653466623833306636
36343135393634616439313934653633373939656464333863353066653334346663623363386634
35656533323133306638333638383463373632333535393930393532613937323264643132646238
32653137643932333637313437363163303137353333373434316432396639393632386533346365
36616664366163316333626131633066393162336661646264643565653035393633376337313665
38383736373234353533316665313566626432663066313263353232323364323365653834643262
30336333616232636430343665386138616238333362656366373134356363643561323536356365
61663235343266383562633566323561623935653465653233643364336138333630303564633462
66343330303238373462636637353662386266646462393034363962616132356539343332376365
34613232636339323465356430633461346463356637616265386632386639636539656136363735
65666164653231653638386639396234346538333265323138613862643334643335306334643033
32383432386665653030613165326664303034616466653139613762613661653662353664316335
39316663306331313230643631373061396433376532376366616666623234303565373932326365
62366231623930643763383733343439623562613364303163663264333031353461616232653662
31306631653338363265616232343131633335656663623932393266643337333533393138373336
34613764363932356464326163346534323632343636306538326162383337353063386336623330
66633035363661323965616563356461396139613235383938373361666138356632323436663039
34633138356335636430656534326330353035326463663835346466666634396630356132613030
31333765313761353761363932333365303035616137353065303931646664356663663138323232
32333630616433633066353836383133646131393538393036623435313461336262383765376464
31663335396438373633623930313833356265306263323865633662346262653438653331393931
35313232656437313965643333373561333339613739633035616136646233633538306661393066
30653733393833306530353461333336666237336565366666313163613937643831376365643432
30356537356537376535356636633632346537373061323366656237363461336337636462343831
62303933333838353262303234313832303535616431316235633739383231393437663362366438
64373334313264303363343533643430383933653965366239373832653439653938323730623866
35306631636431353737363839376263383532333735333730636534333764306665393566373764
33316537366333643663393466613964366665333030396561383166336133393230643433643263
61346666613038633065393061356534353235306366323538353362396332373465613233663437
34343839316636363135326239383637303130626133386337336439363035373332666266623439
64363733333438343137393136373063396261623338313161303333623036383636303764623033
63313564643064353331616132663363623965623039633839393161373331376435323030383136
36336233303134316166326532626164616462356665393337633734623864643565656434303761
30613235346362373839346534613064636564656264363838656564343735656665623662303761
37376462383964386332343733623664376637366133313133666330613761326439396635643337
35316333316231323461313237346235326630643930323734313536653338366332633639303938
34656133326431396166366561656231653131323265633934613761383537313462343635313134
62323232363666343438366635303262656535366639353635623038306538613133643162333465
39656633353037386434643166616466666166353830363434366563353263393435646132656135
66326134343731633563326237363330663437373836636265623734383765643734663736383339
36366339613562613763386436326437316239633233623833633865323036373961626361623962
33396661306332313836343362646131643738396236326434383664386166306434653331656331
35336261313439643165633439386635336431323761343433356238333138343365663137343834
36333465323339643866376636363630373039393763626465333237313436613631613936646630
65363534613363666139306162326439326163336564306166623735316631346430366132333039
66353930613034343337393464336639363137633335376232356135636437333135333766613764
63636232623066333033366339386664316634363466626530656539666337656364393132666430
39356665346437323634636464353939666431336266656532636662326331646237366232633135
30663861303338396566336639376239333133306662636361363839376463336638653063646333
36623233633762646437666130363837386163623638376463663765343238323730336163336137
65303731363730613230646531643733363233666136666135666532306431356562336239386133
39373938346432353966373739313132353064356264383037643535323465373039356633303930
33363333393237623935333438383730666436306532393033316237336435326232323632643330
36383336393463393438376535643638656236666635323861666366353539303530316337646663
65633937316333643438313566393239363834653861323065366635393063346666383032653938
33303463336632366236343537303039343532613531653637313035666632313264376564663865
63396537396135306262313034353130333137326337646638633433383134356439363861653964
36363434336235636632636531663365333730356535366231333962626263333832363635633730
63666134336432343832386234303265306630393237613064363631336134636564393333383034
63316438616637663535306566386666646633633537666434613965316239666131316663643365
34343839356536656164373538353264326139626362373261303839386531353331303634376364
64653032333434323232373235643433386438306236383238653663636631393636643465313761
31653135633561643931353934396136666538646463383165376266313664383334363766373334
62393233363166663538643264316137616263656436626666353866363231353731383036363837
30373465326661633038633536666531356339633761366135636437363564356539633562386163
33616265393835353065313665633563313031393865623238613466303234396332353166643732
34623632353930396231376236323036613333643765633938373633396332313339363461333462
39656531316232316631373638313234333539623566393866313339343563613533626433386437
65383935393064633636316431363539633038313032393434663036336633646561666236326365
36333265346465323530386236663566383464303365343238616366383065626364616536306231
63663437666462613561613630373962623430653435663639333963313764636130363362363333
63306336623237343862306631623239353330326436663039613033643032303831366164633662
33613462383833633835383136346164653761343666636266346164353465316332323833316137
39316636646561383661343863623030343733376236336662623232323862346165343962666239
62366237666437343237623263366462306433376163383566343763396166663636316233643065
32636261336239363434326462623465336364313339333762333831663165623135306562323639
35653466616165653735633566346165643530393432326235306364313430383634343433336534
66373931653633633965623330316638663632303236353465613764323033363365633964383135
34383635613938386461363635333730633861323361303464356563356335366462646661633933
34353464363166366535633739393666616235393430643934636535626466393838353934343566
39656639393263653239373131666163376437393635313865393838363966333930643530623631
33666264313130343331313031623764343561356236363530326366376337313738626237306661
33303565303339373238633633373566363231336562306536376666373930663064366336303130
63666537393036386238316536363661363962353561643061643530313830363930623537323466
65656566303961323838346539633165613338376637623663656638383539626332343062656438
63343833373366653264626364333864623365323633646265366531393465626665313161653738
63653738613864633138326132343863666537616533376164306263353936653965323235363031
38316533663038616632333461373437323562343235313938636565323230626431326466613431
64633337333931373065373766353936373161306232363935633165666261303132356436306462
61656133313936323565313036636235383463666638616135633530353865353661326564396436
38333539636530616466316635363438663734323333393364633361373632393634633862363335
32653132646532393365623233363462326134636433316135633562336238343364636335343532
33613839663564343162653964343463353933623939633965323066363265666230356532376435
30613938383938363032643863353232336537616264643666633437613661656163353335626561
35653564613534346336363333336137316336313264323631343666383839393263316333393564
65346333663231656638643932353064383961383039383965383932303763303839376565343837
65626435346263613962323030626264363566643932393032643035313362336366383630663031
32613665316538363036313065666232363336646164366165616166373838343330353138376237
61663234393436373062653663666633363964373666643532383862336564306465316136383463
36386230623066623634376266656434336135616338336535396130396636616263363338613236
63323932656534303137336233656636343031656436316566306538366338393837323661316431
65303264323534656565376238656135626639383464633834633062653666313130376463353166
66656661306266326537646636636366316661623161616663393264646464326364623830666561
61653431316636643936323265396330313330386338346138323963363564373537306636353237
33346437643333356164356330323133643336376232633937393338323564363334346536363437
33666463356230303537633464383830663366346436313564376133613538633866363934383738
63666165323133383633346531643836643531623139363733343735393065383539363339396535
61613138346464666137663331663361613137663332656631333236353464373664626535663436
37323030613738353965396638396639373136343732383363316161373237646236373532633735
64623331333834353038333236623235656363363865653333653366353862356336303037333736
31383339623961326663323339336661333165343064386239663635623630303962666639366337
35636566636639613466623736623438373239316334626137356639313431333633646236316265
65636232303261343461306361626531633565396466343935306163333630323066383834653237
62373639666161306333346134633432393331386166376566306533373665323431303166346465
36663033393631356633336339623136386161303563663031336131363564616238653361396565
30333463663136353332383233396661376663356661663030623930393039346563613235626331
64306134653835613130653363343939616437343762366139626366646336313263343764396237
36633062333463393564396366373039623232323832653661353838326361623537643530633763
61363237353664636234386337613636323135383436323834626136343737313937363237653233
65383833646563386231376461366237366331653566316565356632343763346535616237346562
63653466656465383333326432383132653237316230626463376336643236356462303831653161
37303539303732316133396465353236306361633732313837663762613563383562323363373361
30626435326265343432613064613739643836353038356539306165616536343835613061303032
37376561336134623031323262326665313763393939316237666134666131306134363631373139
31343435313065663937306138323435306439613761383230343332363661353832363038666163
38383639353431386132346261353135373165303863303630336232663738303964353734616363
65316566623663383566333939373336303261383230666363396337636561373530373063373033
61613637386464333761306336373763383334363636613736373334356337303433666662336466
61613238623437646234303438333739646230343532313639633039336638386239663764616162
62313932626165613836323436333132643066333434326430303664343131313738653037643034
38393965636530346162306630353439323564333862663435323062326534363436633730353837
33643631393239656236613662316234346632336439356135323839383539623939313231663761
35353031643936626263326562343763333038663962303263333235633837623430346630343733
65353939366633316663353337663538633937353263393434306537363831663932666232656163
34633336666330656663383066386137653632356463303438323965653930643162636439333539
35313539393330643166333865323133346634316232303132356232616537333965626139323562
65333161653435393534626563323165356162333838383032346565336264353736613866636461
61323563363564363935386436663563643365356464366237653034653634643430303466666131
66393539626232663862646637666533366334353266656166363965376233663631376636383434
35363763396563343663386362396139326261343862666631613338376539623331373931643936
33643762663030333236663761373338313464393337653039356461356661616661386363633466
39636634336261633165343564663036663364346231363762343030343962323937646333353238
36316532366362393933396565333731656136376638623763663939303934613339653838396230
34653130666532353263396463323239653434323463653832626265623462363836316161306334
38643434383863396338366132623532353731353433643864373432633432616631313162666462
35396263313437323566646666393164376136393633633562323834663439623037393034363166
30623564643064623865363932353761646263376233393134393566323763636233653638343961
63303430663466303762373338373862656139346663303235303161376330303131636633376262
32366237326162313237396464663930656261393536333038636439396538623764613564646362
62376632626535313239306137363635303231653738656232363434386164313436613736373665
66633263633538616138383461633138623931623261383436393064653337346630616165326432
62633231316532376564366136383063643831346237323965663261386662616239653637373736
62346561326439313661353465396261366130313338333238363062303236623062613966653233
32303937373139353536323563616432663332383565323161633339396565363230616666663934
38653730313635363763636238393736333735393365366661383138626438346564353733373631
61366638656135623966343531303734613564646532323830343234663131356137346161613766
62626562336433373938336536356432363764356262333831633030356135313865366663646666
32336565383564313564313634646236633664626134643031623437656638363932303335353331
32323266636463326435326639326435336334313636393937363965303865643537643737633166
34383032653735353737643530343934333761393761623063353938643732383633653235666135
37613736623266323336666233636662616563316339633962663638333239363836346665643339
32383036303963376337356532343739373136326333633464393033353665623461343962356166
32613133623132353937643332323635393135356163356639386434323361323632366539666133
34323835353866623937336264323464336232353162613861353632363962373531393166313761
38396337616432393965366230343735613430316435356633393231326537373633323338623330
66393231626534306637363336346231643039373935303766646636643137396635353237323838
32633230326634333764393764333130356461353834623961393730326230393839366530383461
30323034353137643034346166616461646661396361323962303337363962623665663639313539
39653866653630643163313334386434303234626530623539386637363264613062333837356264
37333738653834633932363930343063346264363733623832363339616135343438343462376637
66306331363532396362366433386265313237343266393766396530313662366364306263353934
38333831633333303862386138323666323332383038306466393165303766313030666131646365
66396539346534396464373638653262616438646335353033363866666665643139383333663062
64303562623763376332366562393339333435633136336261333563333662323936653635353139
64656331643766643834313834623961353162313138626132643362366166643230376239663963
62353939656432626130663665373838386532373636623833306230336563353932366663323532
35326337356237336163316265373566323537666536386166316639376632643465396166313434
37613133353832393134633661333938313165656564373961386135366263343230663333333162
35396265646432383361663662366363663863616261326563336133613138653036663235323538
33323664303531306230356336363938373630646161633433326165646337333831343438396463
38346235386439633166353637396138303038623765633062323862313565303634393032393534
61616336353764386666383961346536653662646466643030626530356139303630383562343538
32303230393432303738353535663730333235643361326332353963366566646637383766383638
33323565376438336134373932373636613732616462386535623364353236303037656364313133
32633262303735633266633134326538353065616363353338636336373634666165383766316561
38366362646565663639383631323833356137363232656239343738346538356535656136613863
39323238323466383933373533333136333438303165616534373637316361306431323138333231
61623765353265346338616133643933396662373533353331356535366365653362636330656330
37663564623034646538373861346361633735626265613635386661623136306433303435626666
63343932643463653130663230663064653866336361636638653933636432663065343531623161
37346232333465313266623337636537303137343962316632333336623464613433313063623066
35356434633538336161393331653662376361303334346135306432343536636235306133396339
62323931333136336134373330643536643135336231356261643236623635623135616362356335
63636262386133643534376632333366633265636232386238303562333765653465373865343437
30386361336331323537653532633838323763383563373134613538396661323561323763646666
32393938346138663039646636633838643338363362636366636638646534353863393863363031
36613665306539396534343732316362353638306431383265393932313233623434393432393062
38333037313335633263383933363865316166663130396164393334366539306162613934613331
32636264636564633437333034383739666438373261643039393231376363316532306466616330
35636164333262346666393630643735613638653431656666383931343032356339353333303036
66333439633537333662303264613531356439336564646430613438623738396630366636306161
64353738623236623039643464313630643263653565333163366663393736616438363739643838
66383639393936376339666336383435626239306363376364623663353461363737346561373165
39666332396136666533653537643164363634313131393161306334636337386539633537386434
63373235383937626333303138383034356639386633316466626238633564373666373163336265
39376436393832643662363165633637313961343038376236626336663233393031303364643962
63666533653538633139633933666166323165386431386662346632666238323065306637653333
36396632663064623761303331353237343030303932363566306662663033376633323036633236
34636230383061643239393930333066396531613035663963333937316131386636323365303135
36663737393463616430373863653035383462666638346138356134353866356564643632323233
30366331613366316362356635383538656138666230656335626131646331656466323064363039
38316133653935333437336436383565636337356230313465393138636438323737393665366361
66303737646134323061336438303963326562643236333234646261666136616538353632613562
65323730336164393331393838303632373463363061306537633632376235366361616331373961
63663365373761323637396333343736656665373438636463666533653766666364623964386131
38633930303332323633373666333061396264336333616133333932393233353235643234626334
66323536636165356163393631326433633761303334366531363533313034323734393563613530
63616666383237626335326365323931366362333961653766353761653833303132343162343762
64663664396134643530313038633137663230393335613265336565363265333236363936626465
30653665393931323730383530653633306235616237303137386464653661663066613665636263
31376664393263653539353133663335353063343636383738333832306338363264376432373561
38653435643263306166393334336230373830393031343535653861326231386135333334613137
64623964373332316436333338326233646663306633653562333433653935653165373732323038
38656165633331613966306332383433343539356133396562313436353430313066616166656533
66656634373838646561663362353665316232363133306638653334303132353432396266663165
35626632323735633839366336313562623661316139383730623163656234663633653763313338
38366664326432363536333763386338323463373635383333323764333130663336613633666464
37376261303061306437333566386561323766343532616362306666653731363639366337663466
64373437356362666131643162386565613031366635303536636432336233306132313431333965
33636633323133306238396465353761396132356137383530663935373937303231323133623538
30623062616638346434373337316466303164336661326666653765343564336662613938643733
38323262316133636633653931353565383732356463313937383764656165336338633432386665
66366435393663643838636133326336646331613165306162366363363732366334336131653864
38343736343262326266336133306631396633643363336138636439646662373063343933623833
66613562616163303963326432666262396137323732373539373632663938356539346561636561
38353361363861366265376131386461353431653933393632316539656261306265316236613461
38633838633630353461393135393931376537393963356163646438356439313832633630616535
39643538343236393638613661363264623165643066633363303431373034346566653130393865
37613062363763333031663139623731313033333863613562393963656561613865616230646633
30396363643333636332356337303465333161623937346139633031616362613262313965613731
37396431306264303335376263396166353535346261653561363564373566666638316435323364
30373262613835383162663464656138646336363463336265383763653462646434363063306430
61313934363063316234313230346437636563393439396635363564646236323465303235363861
35356166316663643663616661623932386130616362396235633561646335656236666534643736
33623933366431356132353461616363663435373861353035363830386330653462306435343539
33613132353830343265633535336533366239343936623761373066646233623864336235353936
65306136323835386334613966373730326432313964383732313336323562633265326137326164
32653665653864346131623361663139613735306434313436656134383530653663626531653833
33393635373833313434623834653639323264616533643431623663633863386561376632633035
66363266643137383266386565656263386236636263366238363962333431306637616134643363
61383734303638643165306162366466386138336439613531653536376566623731646165653733
63313461663331393637663664666232663734333432306563616132663732646334373333373061
64393738326262643564383932346334613338643063333964303537343430326534343763303761
61613962363732333332303732313964376165353065313233646538653237373161623762363766
34643630616662323363376430643234336431326439323062393735386664383161636662633935
37626533373563313339356136373966356665346639393233336665663735656665646364633031
33613638323336356435383434356634343863346362316338656538656232323836633137616361
66633661343430363337646165323062386365393563623431643034663763316634386365323765
65303561313531646333316536303162376637393738343531316164303032633966343862643737
63323835376438303336343739386363313035373666383630303939623036653831356539633262
66346361313130643737356562623031616534393533333961383363333837663932663466626535
38393332393438343334343664343437396633303137626563343762393663343933666661373731
38653464343963393831306261303532656562623063613764326439393132646233303235323236
65373037393665656261323532323364363633373636663336613164383962663336366336336334
38346232613238643161633761353961366564396238623536333466623162393638633430653333
33373834666666326362363366666538343930646631313464323061396631346335386237353961
34343737363837643537326137626637353633636362626635643666383637346337393834356161
30626436343963316230376238336465646138313564616165616532356332373232623434323835
33633463656539313064613733653735656331656233613766613938313261316363613665323061
64373961333863303631333562666536323232383965313532656430303065633934363334646435
30316131303834313162653637346430356631383432383066656137353837343234386665393333
64613663343464623432623561353064323534306366393837623032303737616337376461316331
61306235373932663833343866643932383131343762323165363433363439333034613433346666
36623333346233613639626633303531303936313931353465626132323432373036373734316432
63663636383931623936623339396566326336343337653833313162346565333837323536656566
61653033616531633539613132373338656636623634333332376630633235313031386138613937
30353833646162336439303362653936303861613530303939313237663461626337303937656531
63313636363632306664306335643833343436376136643565306334643439653133656564353930
61306264316432353965373366383632653763353534656133323766353533646237343137626663
64376430616135326363363434386632663266336262336263386632306162663237376561666334
30373161323165306237653161623762646336383432306665306332393031663537343066663335
62353934623962646163353964633330646136663965643933373534383832646131653462326433
65663338376562393066323039316238336339383063383962616234386431303432386430303935
35383238323761653337393334623139623636396239373935363131336262653035323831633463
64613834323738303035316363323066313836336265636463346133333565613331333632396239
35616332613662623062613266323331303761356130326539313736303638623364346464343238
37376164626539613133623337646564373538623137353831656131613162366366313838616331
62653966353066373131613232303866323265326330383261313436386364323439383631653666
37616238626361303934303365636538306136353866353035353866333861373631636632373635
65326238656232396235353932386535366636356438373031356563386461633163333466643536
30323435663839366331303461326431656364303330363134356638326163333562386630626238
65366238306632366234643835353162623437376262306562383639333163623638343336643232
31646136323138666164383339613933373166303733363165633064383431643566656666313263
61633738366665336338363834653133613732333035623561333035373531643132343835366263
31313661633239353236653431323739653036646338306630303062666138386631363436333366
64363839306337633163373533366661376364303462343539616133323139633766323764663766
61373562373835353834636433326435636563356662333934313366633238633934663965643731
39313739373261396231363761366162373464663938393836666231616264343933383037633832
30396530653964633532306534303461396363303266346261303336666332313136343635613733
66323166303362613632346437626333383936306637303066326237316163323364646661663664
31613163636237326266636639663636353564323738643935323864383335383035396339363737
35373031326635363137353066633233643164653630343733663534303330376637333666316233
35326637393061373431643232366531313262663631383664653238663166353333623237383834
34303866363339616562376430343239633239376430616134643362386539353563663436343537
65653731346439373866626566373634653332386530356465393937393831653663346364666430
32343862376434376436346365343566653032303933653962323666363961316665376137323964
62643433376436316130353436623533383534613338616166623237366638623538326364366264
63393037346433363336633461393333333262343734643931373536306264306166353233333066
61376561396662393632616233663761613033303662643530386137316561653132626333393639
37653361643363393639346337306162316439303164643035613139376332396636333166383037
36626566313462373861313933643132323164363266366363633035306535646230663030613035
31653962323937313432336364393037613838646666346665633564356336616135343663316661
37666536303764653735386530303336336664633461373362356130303035643265353135333232
63326263663763663834633366353136306539653536353861373666363462353461303336316532
32303062363636663964333734653432646438646637306538643766396563306132333561386436
66663735336233616536396462393133373363646230666564363663306239373561643839353932
37343336643762313137323839653166323534633531396432653363663631373439386337346562
33303231383932373661633232323035363662363630383333366265623434356634613166663661
31616431356563356535396431323738633931323338663362353232623134383865656663663466
64623861343238376165376263383435376361323765646333313535656462323235393966663062
61393431623134313766656532363761666464376266393733623537613033323763633661636239
35343763663930636239373730323364373339353763326561346465346633653133346337383134
39313262656261633162633338373133653966663362333138613666396238323032616531313030
66353465383139396438303662623133633331336461333564396562653663656563643761303836
33386631353563666666633639613232383137613239316132656632646331366266636332316331
65353132303365633666346337343564383437303239303335636138393564383162313266323266
66326238646535353331313431356634326563373234313536326161306466616464326437373032
30663034393232613161343039643637366537323439333863666430383231333535323864313062
33336461613364303563323561636563663965323362633232313339343734656538643738306261
34623239653639633937383964383634393864313731633431623530666330616633323036313839
38633737323435666665656664666363336661363564633933616465633065396632353864313434
37353832373238643761323530356137326430336463326362373162666230323133363939326132
61303363363732343730326635623732356530333765306530383136656335363231383766313061
33343765353738633161663266623736306262616266396164646337383731353234373734303331
65303662396333653839343834313832643261653032333638336665653064383737316164643437
65383536306264353935646532633065343231643361366132343466666566643466626232373934
31393433616232393434306265323234323766336661633933373965313537636662633261353430
64616135373536326263316533303539376564656363656366623166366463306137316666333434
65333436363331336233386466656639346138323264626431643233666533656433633263336266
66666262373065363435343738373966333563666366346131663735333530313661336232336462
31313062636331336564333432623031313834393462343034616235383033366133303134626633
35316535313137626330383964303638363731373635373263323738386630333363613461316638
65393232636533646261383737326132336466316238316562393139333835346663323838383666
31393139646438653866373836363232663433623262376330313832643437363166306333323161
33633166333066316438316163393239376364623464663632633938653131333666303463353437
38653737396565616464376133353435653566383734363534623034623865303763383561616261
64326462613933633166373832663439643335646164313037626263346164613536393730353163
37366531343563373561373935633337366432363630656561396332646530626465356461386132
35643130353338326236636535313330656561663038663535393833326534613031373736333861
33386361613338646439376338376165623062386136353162613633636333306633356338343036
65306631643963353939386134616261663664656165376431633539373931303737313762363565
35316235613830326133386534356337666166383034313561343765626465363238363763653535
66626532656639613538326464666435373633623731393736633336353935393461643664393563
38623834633638393538363434336363376166346563636362646365646534336461343333623035
62633131353534333564663132356635363762346135353231306162643339393566343539636261
34323830613735396436326363613365646531373666626138653536353931666266373836653932
35346538393637303738393138346436396565373166323362306266646161613133663831356133
62653664393933343739633031363335366534383031373538633037626461356538316435336631
30636162623066393236633263623739643430613464356235363134643334663865356462353336
36363438373261343064396433336664386264373731643131363730373563333931656661313237
37376631353762616534303739386132363130363837613537303736313934353631643433336538
61383562376436633537623865643530373132313863613462633765613432393165646464313563
31306336366562376535396238613630313537333436393338643832356338653563373834386364
63643835323433343135653162393063313533653238646339313732316537643764326533626637
31336531373366393964613032623062656635646366623465363561353732376633643862393938
64666264393836346662333636653433636164343432643065393163316332343632363636353761
62633963633337656537303134643633343431646361396161326330333666613932333935373535
62303664396131366463663061646139626330303539653637386565313965303961376561613664
61323938386564366134373839346638626530663363363636633863366636383665376431646335
32396234333361623231366234396234623334313936386364303036346537343061313534626136
31363436346664343336636132636263376563643464373264646534666130313966663038643861
34383433376563346664633164386233653763613134633230353738646566363363393733663831
65396464326361333465663830306436653630303364323935313630376134376663363166663734
34373938616661346464353062333438643131666532646364396663323039666131316662616361
34613131363465316631353932303162303231616236323664336236303331346664623734383136
31343464323231303566323865636139653938633030626162613030626133343231373437326235
32643130643766376664326465313664383633333139393566616364366633656163323164353739
36616435663733333466326337353566636665363337353366633666663033343465653164353134
31303962386531623139623038336535316431633638306635363430366136663531336338393036
36326130383839336439653435326162633833363231643561303162316637623334346464646232
36663037623261353764323930356138323164363934336439386238656262333733396336343164
31623034303833356530643663326463656562303536306264376635376535333834306165333066
34376634613062313966383332306165353132326564633032396633363731353436333437623037
61636338323937636339623864383734636362313736356163303638333764393639366263366330
66336566323164353530336262633361353138336533323334373232306138643966353164303031
30386333663162383963636634636336383634633938313234346331666637303637313338616462
36336236313831303665313238393232346437313739656536353131666339363764313361356337
37343735333930613537623034646337643536643637343933646533626534646336366663633064
62356563653433383364623134373033333763326235336136656538393465323564633465366336
66633864393033626138323663666535646335653361633962666563303737393561393232376165
62346263613966313163306633646162663638373236333230636335343337656661646265643333
31653030653130336138313032646363393762663636383039353530373531383463386139353137
32636465663262616563386333363032653765326133326230373532626465636630313134376166
64373464363338646261366631353532323466376432366233373036353232303539343463303236
38643164653066663362623431393932656163343032396438663537653639666536623731636338
63623365643437666239343033373065646133356132366238633437663631623764376633313438
30303563666633376663323562306136353030396235333035336130363833353566616435643430
37353463376166353162633037653264393865366266386436383865366664663537386636323232
61396333346139323462303039366431626630626330396339323464383063316137306339363839
39396634363963343263393337393237393031373936306463623266326434326163666262666462
38663331633563633639653033663833613638663664643130643662366138333938376661386463
61636165653462353933326462326233376530343838383733613134363664336264656135366464
37613739353938636564393161313730663130653431396430373134353364646235656635343030
31393666356664396131336337363335656263643362303331643131616463366536383264306637
39613336313962633738306439393831653830616665663561666433626665323135643665653730
39643338313066626632373766663132373231323762663135393035336361383066323864383964
37303632336139353366616261363039653536363666333364336238386332353866303864643836
63383033353637666465643464663736336538623035393937626339633562356464376435643435
35623664383261393564316438633765333162666531313765343736643364363730626537663230
61336664366564386539613035386135666361326261353565646361396638646265306539333862
61313266656663633538663937313039376433663564386461626131343861363838663265653637
61353062303138353436636630323662353961346262636665393062646338376232653631346338
32643536663437636639383762653265326539343863393364316134396537623762303638343238
34323866393539316631356334373639343863643537663261356238313538643061643138376532
36643065376363353035333430393031303563303230666431333666656561316238303663616135
35313136346434363435616562386535396533353434323436656437303538373561656633633630
38646265653030306631383932323737353962366166373362366463643863306331373865613832
35353134376337653332363735613132396638333433306263633034643763373137326432613839
34616230313232383637346434353333613639643135653662653666323834373465373335306337
30663334626533663535346231393164353761616261313831376363653266353964653232666365
34326664383031356663396237633135333366373564373661323230346438646661626130313234
64353837323562666663343935313566313333666330303562363166663761303137326161343633
61363038373064386265396136363336393261383939386332383730333737323364323361626330
63663937306363653663393332626535373565313232663363346636623430386333363163393161
61353838383934333163346335363635663863303830303366316337396131313933303462346161
36326636653861316335356164626661656265343731616435353564613562643536313339363437
65396630383135343935383664336362306534653161633930653633356566623230303732396531
33636332386664656462323833646666336531626562653134366232316166626432643463663330
30343039303638633636656334346166643065356135623732623561613964626563366238666239
31376361306662646561383834303034366234386339316232336637623264323664393966376431
35393630643137616634353465303236333939373136356164396133636239303733343438393362
32643566613964653035366234386138386131323365633133303038636266633861386533626339
33386639393063663561363564333334636136346136336538656365333463346432363161326534
38333234613332343133643430353039333165613439366635366634646130393432616266323565
36343365663730393338346434643436643830386236363134663830636239383738393762346263
65643866613833363036356239316238383736636536313830393338373734346462356161663565
36336538663265313937353864616563303562626632353038393965383331663134313766333636
38373766363464393865616466343439313831353466373530663962633336396231623736653663
37393333636638626632353938616365383536326463326636616131393562613636363135393934
61363234306338613634316439323537326662326531356633666566376238383862383537623237
65356166363434373565393034383538363666313062386331366337386534346165316365383938
31633830303062383163663063613930653363353465626333616436383234336436356133336561
34653330623734656539656631663039616464613762616134336333303630636365343964376536
33663232613662626331666362656331353765373235653337633836623361353665346630346236
38636537646361393433316438616238343032313135653339373563633130356333656437363535
34306432323964633735663665373731396165643038306464643566633064363834656661363536
61306130353463346237636264613434323532356234376266313631336165366266346564303933
33343530643637376332346266333534616263633538373830623232303237393935333539303736
34326161343566633837613466646130366532313766353063326234396461316437353966663130
66653335653261336364343662363261633866313538363830363231613637303934343339656136
35386230666633316361306261333136396464643633666132636439303766616338363733313163
33306139376235383236363739656132353365323235646565323637353838376238663231323134
63393765653836366437643336646536383939343966663834376663333438626164633435326230
31326634363836356462396462363066666462343334653263323464383738633236303334303635
34373735323566646661613830393331373963373665643762333164653639366230623939663766
63373830336263303332356538303132333732396162666563636434306135623363373335646430
39333434336637363233336136383335646235386535623931343136313165383531343534323036
35373331303430626537613930383965633136373935303233323237613364353134373832376637
34616461646636643134316165366334623132633731626139303865323265666436613539663865
62353435346262313238633965343230366532383461653435636134653261303138326235303763
31356466326530616234373738396663383765623333336139373134626333653063376334396436
38363031303637353535626236333331643538633237383864643530623632393531383039653739
39373162386361313435306362316530613638303364656433343833633333633239343131373661
65356431636332373934656665613463353330653739646362636235363230353435636339393962
35653231363836626465663434376637613237636663346131383964326539613436373163363031
30306331366530373262383337376235613930353066393161383664396238666661333038653066
63333037363762636563656665313831373137333065313639363365316533643665306337356532
62373465396561373334626566323734623334663065396664356132356430306263393662663561
32616333306661666661313434613865656138366530336465653337363464313239373362313733
33663766303435326661333366636231366561646465663137326361343463343966303963633939
31616662626166313335323862353665303032343264646138306231356463633461633637643937
62633966643033396665656339356437646265333632393737653264393465636564363639653839
30646135306338306566653032313265303630646161336134333730333332616630643165643233
66333536383339356332386434323363653633346337343965363634373637613131363064383836
66303831303336633234663264636561383334326334356439323266353963656138343464633031
33336566336434653638653539656137363062643331316132353833343532623761636634653763
31313335636436663038316632613634616430623666623562376563613131323435323265656539
62333966623837626136303561383866306663313233343764646236383433643637383134343731
32313036636433623465333765663166383831363032663036396461376465383933366139356237
37306339353231636361313866373965326630656336323363643333356133313930376430326562
66353666626131653337656139326130383930663964313130346137396232373630616263623830
39306365326362306237326238623936666236303864656362643931333531623736356161646630
37396230336533643063346331363966346261396236386263323866396564663561353135616163
39306539656666363536303865346165636339393366653062366466326664363931643161623939
31323934373435356338363239636239343162663364383333653764346633323830663561316630
33323964613133633136383139323833356336373139663538343335316131653762616165343238
38396531363539613866333234316330313964383634613632343939333435343061363333656663
66343437366331396338386530333364356533396538373634343131343963663930616666633166
61396262656532366237313837666637343364393232356535353038363262633861393834333838
35353434333930353031663430646336363038636561333764633637653366333833336163653263
30653164633039343036323834343733383033306162306230323630623932666534346330636134
65336332353964613537653038613538326333626433316265623162363765333830383833303131
37646134616161663030663531316237666538646362313939316461363331376463326163333738
39346433366134643536646233613431313838616234373635356339306466333238666433306630
33353436393261643834633761626630393465323364666461663635306438656635663735316363
38633936343664663565616639396338613765623335303233356166323036356332613439646562
66326132313136343466653832626433656262643662623235313036333862353965646265616263
61633133333130396662326438393630376537396239393433646437356631626365393033633631
34656534396138363830346638366435356238346462643962356436383266313533346364333364
32626639393361363335623765383132316566306130333434396330336665643533363234646231
36353039643830666633663131353138623639316563643239323232623263623761633532383930
39346331366465353362616565386233346431346331393432363134643433666333333434636234
39303161646663313830313233633637396265623539616431363861373935346536376331626238
65333366376165356465636337396464633735666337643331613830333633316632623836383330
65373730653534343437393031353539663139376136333632646136323330303936333764623439
64333934643937653831626262393634333038636361653138633764323436623562323763396363
38626666613433643539373236366638376339643731363265383363303731373837353766313132
30373730343433323463316237633239376635666463363465343766363565363864336338623961
32613032333834636439346536343861386663313363383732633231353139653264653161633066
62313861313538346439356531666537663862343361333965316436313764386339636439393836
35653861373264393633353261613832306238333932623330613263306630633136323866376631
35373738323230343234343331613864313832613939306665383564626532323131653236393865
66353866633038353566346238383435663038343064633434306365363534373533316135613335
35636432363738396538383562303964366465343332393166643266373337386665383962383164
39303632303830643833643862373561343037376663626336656139306231323134333534303838
61656265663461383662306561356330376335353935663064303864633564646237663732303765
63656231303761363833666237363136326463303334636134383836663932356266363036643332
39346630323336353661626566313338653963306138386364373938613066333934306333663138
36343031323931366561343434633933323361346535333933303861373733383933306162303164
39383334383331663734633965623337313838323863383538323330633966343430356139633864
62323139633564636334393737326639643130386663383963346638303434373266306266353365
34626437313830336132633333656464386466393031303061326362623234326137356439323865
34363530383731616336636231613730303530393132376138663364316236373033353734346334
36303162653233646261
